# Region file format: DS9 version 4.1
global color=green dashlist=8 3 width=1 font="helvetica 10 normal roman" select=1 highlite=1 dash=0 fixed=0 edit=1 move=1 delete=1 include=1 source=1
fk5
box(19:23:41.8636,+14:30:56.673,2.488",2.696",9.7890641e-06) # text={1mJy}
box(19:23:41.7937,+14:31:02.335,2.488",2.696",9.7890641e-06) # text={1mJy}
polygon(19:23:43.5736,+14:30:56.071,19:23:43.0885,+14:30:52.420,19:23:42.9729,+14:30:50.923,19:23:42.9542,+14:30:50.514,19:23:42.9354,+14:30:50.197,19:23:42.9479,+14:30:49.924,19:23:42.9448,+14:30:48.790,19:23:42.9448,+14:30:48.109,19:23:42.9388,+14:30:47.939,19:23:42.7149,+14:30:46.852,19:23:42.6153,+14:30:44.685,19:23:42.7521,+14:30:40.707,19:23:42.9016,+14:30:39.083,19:23:42.9016,+14:30:35.105,19:23:42.9016,+14:30:29.323,19:23:42.8269,+14:30:28.056,19:23:42.6649,+14:30:27.696,19:23:42.4410,+14:30:25.709,19:23:42.3414,+14:30:23.178,19:23:42.4038,+14:30:18.117,19:23:41.3459,+14:30:18.117,19:23:41.4827,+14:30:27.513,19:23:41.6320,+14:30:29.140,19:23:41.6569,+14:30:33.478,19:23:41.2960,+14:30:42.154,19:23:41.2835,+14:30:44.321,19:23:41.0471,+14:30:45.588,19:23:40.9972,+14:30:51.913,19:23:41.1589,+14:30:53.541,19:23:41.3956,+14:30:57.155,19:23:41.5823,+14:30:55.708,19:23:41.7191,+14:30:55.168,19:23:41.7937,+14:30:55.348,19:23:41.9058,+14:30:55.168,19:23:42.2543,+14:30:57.699,19:23:42.7396,+14:30:58.782,19:23:43.0134,+14:31:00.409,19:23:43.2997,+14:31:01.853,19:23:43.6233,+14:31:04.204,19:23:43.8100,+14:31:02.940,19:23:43.8474,+14:31:00.589,19:23:43.7603,+14:30:58.782) # color=#2EE6D6 width=2 text={0.3mJy}
polygon(19:23:43.9672,+14:30:37.445,19:23:43.9905,+14:30:36.289,19:23:44.0466,+14:30:34.849,19:23:44.0466,+14:30:33.071,19:23:43.9938,+14:30:31.872,19:23:43.8714,+14:30:33.409,19:23:43.8417,+14:30:34.849,19:23:43.7622,+14:30:36.628,19:23:43.7622,+14:30:37.445,19:23:43.8613,+14:30:37.492,19:23:43.9242,+14:30:38.259,19:23:43.9641,+14:30:38.115) # color=#2EE6D6 width=2 text={0.5mJy}
polygon(19:23:43.9550,+14:30:28.067,19:23:43.9516,+14:30:27.718,19:23:43.9447,+14:30:27.468,19:23:43.9413,+14:30:27.369,19:23:43.9607,+14:30:25.529,19:23:43.9309,+14:30:26.587,19:23:43.9607,+14:30:23.895,19:23:43.8846,+14:30:23.175,19:23:43.8714,+14:30:21.781,19:23:43.9012,+14:30:20.341,19:23:43.8582,+14:30:18.466,19:23:43.7224,+14:30:16.547,19:23:43.7058,+14:30:19.283,19:23:43.6463,+14:30:21.303,19:23:43.7656,+14:30:24.906,19:23:43.7092,+14:30:26.393,19:23:43.7555,+14:30:27.163,19:23:43.8052,+14:30:27.451,19:23:43.9043,+14:30:30.094,19:23:43.9309,+14:30:29.853,19:23:43.9705,+14:30:28.413) # color=#2EE6D6 width=2 text={0.5mJy}
ellipse(19:23:43.8580,+14:30:40.519,0.480",0.528",90.000003) # color=#2EE6D6 width=2 text={0.5mJy}
ellipse(19:23:43.6861,+14:30:32.351,0.480",0.384",90.000003) # color=#2EE6D6 width=2 text={0.5mJy}
polygon(19:23:39.8313,+14:31:10.338,19:23:39.9078,+14:31:11.879,19:23:39.9846,+14:31:12.520,19:23:40.1289,+14:31:12.307,19:23:40.1349,+14:31:09.013,19:23:40.2174,+14:31:08.113,19:23:40.2940,+14:31:06.616,19:23:40.3057,+14:31:05.118,19:23:40.2203,+14:31:04.391,19:23:40.1437,+14:31:04.863,19:23:40.0993,+14:31:05.334,19:23:40.0583,+14:31:04.305,19:23:39.9875,+14:31:05.161,19:23:39.9227,+14:31:04.819,19:23:39.7989,+14:31:04.305,19:23:39.7753,+14:31:04.989,19:23:39.6959,+14:31:04.647,19:23:39.6959,+14:31:05.633,19:23:39.7165,+14:31:05.889,19:23:39.6899,+14:31:06.403) # color=#2EE6D6 width=2 text={0.5mJy}
ellipse(19:23:46.2514,+14:29:47.511,2.130",1.004",329.6095) # text={1mJy}
ellipse(19:23:46.5096,+14:29:50.204,0.578",0.496",329.6095) # text={1mJy}
